######################################
## PACMAP FILE FORMAT SPECIFICATION ##
######################################


           ** FILE HEADER **
+-----------+-------------------------+
| Address   | Contents                |
+-----------+-------------------------+
| 000 - 002 | 504143 (File Signature) |
+-----------+-------------------------+
| 003       | Map Width               |
+-----------+-------------------------+
| 004       | Map Height              |
+-----------+-------------------------+
| 005       | Starting x-coord        |
+-----------+-------------------------+
| 006       | Starting y-coord        |
+-----------+-------------------------+

The remaining contents of the file are repeating tiles (1 byte each), as specified below.

 ** TILE STRUCTURE **
+-----+--------------------------------------+
| Bit | Function                             |
+-----+--------------------------------------+
|  7  | Slow                                 |
+-----+--------------------------------------+
|  6  | Wall                                 |
+-----+--------------------------------------+
|  5  | Ghost House if wall, otherwise Dot   |
+-----+--------------------------------------+
|  4  | Power pellet if dot, otherwise Fruit |
+-----+--------------------------------------+
|  3  | UNUSED                               |
+-----+--------------------------------------+
|  2  | UNUSED                               |
+-----+--------------------------------------+
|  1  | UNUSED                               |
+-----+--------------------------------------+
|  0  | UNUSED                               |
+-----+--------------------------------------+

                                                 ** EXAMPLE  MAP **
    [00][01][02][03][04][05][06][07][08][09][10][11][12][13][14][15][16][17][18][19][20][21][22][23][24][25][26][27]
[00] 40  40  40  40  40  40  40  40  40  40  40  40  40  40  40  40  40  40  40  40  40  40  40  40  40  40  40  40
[01] 40  20  20  20  20  20  20  20  20  20  20  20  20  40  40  20  20  20  20  20  20  20  20  20  20  20  20  40
[02] 40  20  40  40  40  40  20  40  40  40  40  40  20  40  40  20  40  40  40  40  40  20  40  40  40  40  20  40
[03] 40  30  40  40  40  40  20  40  40  40  40  40  20  40  40  20  40  40  40  40  40  20  40  40  40  40  30  40
[04] 40  20  40  40  40  40  20  40  40  40  40  40  20  40  40  20  40  40  40  40  40  20  40  40  40  40  20  40
[05] 40  20  20  20  20  20  20  20  20  20  20  20  20  20  20  20  20  20  20  20  20  20  20  20  20  20  20  40
[06] 40  20  40  40  40  40  20  40  40  20  40  40  40  40  40  40  40  40  20  40  40  20  40  40  40  40  20  40
[07] 40  20  40  40  40  40  20  40  40  20  40  40  40  40  40  40  40  40  20  40  40  20  40  40  40  40  20  40
[08] 40  20  20  20  20  20  20  40  40  20  20  20  20  40  40  20  20  20  20  40  40  20  20  20  20  20  20  40
[09] 40  40  40  40  40  40  20  40  40  40  40  40  00  40  40  00  40  40  40  40  40  20  40  40  40  40  40  40
[10] 40  40  40  40  40  40  20  40  40  40  40  40  00  40  40  00  40  40  40  40  40  20  40  40  40  40  40  40
[11] 40  40  40  40  40  40  20  40  40  00  00  00  00  00  00  00  00  00  00  40  40  20  40  40  40  40  40  40
[12] 40  40  40  40  40  40  20  40  40  00  40  40  40  50  50  40  40  40  00  40  40  20  40  40  40  40  40  40
[13] 40  40  40  40  40  40  20  40  40  00  40  50  50  50  50  50  50  40  00  40  40  20  40  40  40  40  40  40
[14] 80  80  80  80  80  80  20  00  00  00  40  50  50  50  50  50  50  40  00  00  00  20  80  80  80  80  80  80
[15] 40  40  40  40  40  40  20  40  40  00  40  50  50  50  50  50  50  40  00  40  40  20  40  40  40  40  40  40
[16] 40  40  40  40  40  40  20  40  40  00  40  40  40  40  40  40  40  40  00  40  40  20  40  40  40  40  40  40
[17] 40  40  40  40  40  40  20  40  40  00  00  00  00  10  00  00  00  00  00  40  40  20  40  40  40  40  40  40
[18] 40  40  40  40  40  40  20  40  40  00  40  40  40  40  40  40  40  40  00  40  40  20  40  40  40  40  40  40
[19] 40  40  40  40  40  40  20  40  40  00  40  40  40  40  40  40  40  40  00  40  40  20  40  40  40  40  40  40
[20] 40  20  20  20  20  20  20  20  20  20  20  20  20  40  40  20  20  20  20  20  20  20  20  20  20  20  20  40
[21] 40  20  40  40  40  40  20  40  40  40  40  40  20  40  40  20  40  40  40  40  40  20  40  40  40  40  20  40
[22] 40  20  40  40  40  40  20  40  40  40  40  40  20  40  40  20  40  40  40  40  40  20  40  40  40  40  20  40
[23] 40  30  20  20  40  40  20  20  20  20  20  20  20  00  00  20  20  20  20  20  20  20  40  40  20  20  30  40
[24] 40  40  40  20  40  40  20  40  40  20  40  40  40  40  40  40  40  40  20  40  40  20  40  40  20  40  40  40
[25] 40  40  40  20  40  40  20  40  40  20  40  40  40  40  40  40  40  40  20  40  40  20  40  40  20  40  40  40
[26] 40  20  20  20  20  20  20  40  40  20  20  20  20  40  40  20  20  20  20  40  40  20  20  20  20  20  20  40
[27] 40  20  40  40  40  40  40  40  40  40  40  40  20  40  40  20  40  40  40  40  40  40  40  40  40  40  20  40
[28] 40  20  40  40  40  40  40  40  40  40  40  40  20  40  40  20  40  40  40  40  40  40  40  40  40  40  20  40
[29] 40  20  20  20  20  20  20  20  20  20  20  20  20  20  20  20  20  20  20  20  20  20  20  20  20  20  20  40
[30] 40  40  40  40  40  40  40  40  40  40  40  40  40  40  40  40  40  40  40  40  40  40  40  40  40  40  40  40
